40
001100000000100210101000000000000000010
000000001002001000000000100000000010000
000000000012022001200000100100001110000
000122000000000022000022200000010000010
100020000000000001000010200022000000000
010020010000100010000000000210020000000
000002220220000000110001000020002000000
001000000200000001000021000000000001000
000020120000000100000002000000000000020
001010010000000001200101002002000000200
010100011002010100000000010000210200000
002100200020010001000100000002000200000
110000000010022000021000201000010001020
000000002000000210120200020200000201000
000022000011010100202002000000000102001
010000200000000002002010220000002010000
000002200002000000112120202000002000000
000100001222010000020010000002020000000
000222002010000020002200002202000000000
010000000000202202011000020002000000100
101000000000020010100202020000022001200
000000000100000220012002010020200002000
100000100000000000100201000200000000020
001000010000000000201202000002101000000
000000000102020010110000200012000000100
000002000000002200000000000020002000201
000100202100000000010201000000200000100
000000110211000200020021101100002000200
002000022000020000000000000000200000000
000000000000000000002220020220101200010
100000001000000020002010002000000200000
000012002100000002000001021020100001000
001000021020002102000020000001110100200
000100100100101000000100001000110001000
102000000000000010000000002100112120000
110000000002000020001001200200220010000
100000010001020100011010000000020000000
010022001100000000220000000100000001000
000000000110000000001001100000000000010
